OA :0.9437804
AA :0.9211744186046513
Acc for each classes : [0.99850225 0.97773065 0.96386719 0.88235294 0.89176012 0.94137763
 0.81840796 0.99849398 0.97720515 0.96577017 0.86647727 0.9178744
 0.97685749 0.96401028 0.96950518 0.69372694 0.97463002 0.99450824
 0.95203837 0.84061697 0.90366972 0.95589693 0.97051474 0.90338164
 0.98746867 0.9498998  0.98590131 0.70686071 0.98455804 0.77906977
 0.97134238 0.89417989 0.89051095 0.91784703 0.71119843 0.97250859
 0.90222898 0.95561497 0.8        0.87078652]

